name mesa
v -4.5 -6  6  
v -3.5 -6  6
v -3.5 -6  5
v -4.5 -6  5
v -3.5  4  6
v -3.5  4  5
v -4.5  4  5
v -4.5  4  6
v  3.5 -6  6   
v  4.5 -6  6
v  4.5 -6  5
v  3.5 -6  5
v  4.5  4  6
v  4.5  4  5
v  3.5  4  5
v  3.5  4  6
v  3.5 -6 -5
v  4.5 -6 -5
v  4.5 -6 -6
v  3.5 -6 -6
v  4.5  4 -5
v  4.5  4 -6
v  3.5  4 -6
v  3.5  4 -5
v -4.5 -6 -5
v -3.5 -6 -5
v -3.5 -6 -6
v -4.5 -6 -6
v -3.5  4 -5
v -3.5  4 -6
v -4.5  4 -6
v -4.5  4 -5
v -4.5  6  6
v  4.5  6  6
v  4.5  6 -6
v -4.5  6 -6


# perna esqueda inferior
f 3  2  1  0.54 0.27 0.07
f 1  4  3  0.54 0.27 0.07
f 8  1  2  0.54 0.27 0.07
f 2  5  8  0.54 0.27 0.07
f 5  2  3  0.54 0.27 0.07
f 3  1  5  0.54 0.27 0.07
f 6  7  4  0.54 0.27 0.07
f 4  3  6  0.54 0.27 0.07
f 7  8  1  0.54 0.27 0.07
f 1  4  7  0.54 0.27 0.07
# perna direita inferior
f 11 10 9  0.54 0.27 0.07
f 9  12 11 0.54 0.27 0.07
f 16  9 10 0.54 0.27 0.07
f 10 13 16 0.54 0.27 0.07
f 13 10 11 0.54 0.27 0.07
f 11 9  13 0.54 0.27 0.07
f 14 15 12 0.54 0.27 0.07
f 12 11 14 0.54 0.27 0.07
f 15 16 9  0.54 0.27 0.07
f 9  12 15 0.54 0.27 0.07
# perna direita superior
f 19 18 17 0.54 0.27 0.07
f 17 20 19 0.54 0.27 0.07
f 24 17 18 0.54 0.27 0.07
f 18 21 24 0.54 0.27 0.07
f 21 18 19 0.54 0.27 0.07
f 19 17 21 0.54 0.27 0.07
f 22 23 20 0.54 0.27 0.07
f 20 19 22 0.54 0.27 0.07
f 23 24 17 0.54 0.27 0.07
f 17 20 23 0.54 0.27 0.07
# perna esqueda superior
f 27 26 25 0.54 0.27 0.07
f 25 28 27 0.54 0.27 0.07
f 32 25 26 0.54 0.27 0.07
f 26 29 32 0.54 0.27 0.07
f 29 26 27 0.54 0.27 0.07
f 27 25 29 0.54 0.27 0.07
f 30 31 28 0.54 0.27 0.07
f 28 27 30 0.54 0.27 0.07
f 31 32 25 0.54 0.27 0.07
f 25 28 31 0.54 0.27 0.07


# tampa 
# borda superior
f  8  33 34 0.54 0.27 0.07
f  34 13 8 0.54 0.27 0.07

# borda a direita
f  34 35 22 0.54 0.27 0.07
f  22 13 34 0.54 0.27 0.07

# borda inferior
f  35 36 31  0.54 0.27 0.07
f  31 22 35  0.54 0.27 0.07

# borda esqueda
f  31 36 33 0.54 0.27 0.07
f  33 8 31  0.54 0.27 0.07

#tampa superior
f  35 34 33 0.54 0.27 0.07 
f  33 36 35 0.54 0.27 0.07

# tampa inferior
f   8 13 22  0.54 0.27 0.07
f  22 31 8  0.54 0.27 0.07


material_ambient   0.05 0.05 0.05 1

material_diffuse   0.5 0.5 0.5 1

material_specular  0.7 0.7 0.7 1

material_shininess  3

