v -4.5 -6  6  
v -3.5 -6  6
v -3.5 -6  5
v -4.5 -6  5
v -3.5  4  6
v -3.5  4  5
v -4.5  4  5
v -4.5  4  6
v  3.5 -6  6   
v  4.5 -6  6
v  4.5 -6  5
v  3.5 -6  5
v  4.5  4  6
v  4.5  4  5
v  3.5  4  5
v  3.5  4  6
v  3.5 -6 -5
v  4.5 -6 -5
v  4.5 -6 -6
v  3.5 -6 -6
v  4.5  4 -5
v  4.5  4 -6
v  3.5  4 -6
v  3.5  4 -5
v -4.5 -6 -5
v -3.5 -6 -5
v -3.5 -6 -6
v -4.5 -6 -6
v -3.5  4 -5
v -3.5  4 -6
v -4.5  4 -6
v -4.5  4 -5
v -4.5  6  6
v  4.5  6  6
v  4.5  6 -6
v -4.5  6 -6



# perna esqueda inferior
f 3  2  1 
f 1  4  3
f 8  1  2
f 2  5  8
f 5  2  3
f 3  1  5
f 6  7  4 
f 4  3  6
f 7  8  1 
f 1  4  7
# perna direita inferior
f 11 10 9 
f 9  12 11
f 16  9 10
f 10 13 16
f 13 10 11
f 11 9  13
f 14 15 12
f 12 11 14
f 15 16 9
f 9  12 15
# perna direita superior
f 19 18 17
f 17 20 19
f 24 17 18
f 18 21 24
f 21 18 19
f 19 17 21
f 22 23 20
f 20 19 22
f 23 24 17
f 17 20 23
# perna esqueda superior
f 27 26 25
f 25 28 27
f 32 25 26
f 26 29 32
f 29 26 27
f 27 25 29
f 30 31 28
f 28 27 30
f 31 32 25
f 25 28 31

# tampa 
f  8 13 34 
f  34 33 8

f  35 34 13 
f  13 22 35

f  36 35 22
f  22 31 36

f  36 31 8
f  8 33 36

f  33 34 35
f  35 36 33

f  13 8  31  
f  31 22 13

