v -5   6    0
v  0   6    0
v 5   6    0 
v 2.5 9.25  0
v -2.5 9.25  0
v 0   12.5   0
v -5    6    1
v 0    6    1
v 5   6    1
v 2.5 9.25  1
v -2.5 9.25  1
v 0   12.5   1

f 5 1 2    0.91 0.83 0.11
f 6 5 4    0.91 0.83 0.11
f 4 2 3    0.91 0.83 0.11

f 7 1 6    0.91 0.83 0.11
f 9 3 1    0.91 0.83 0.11
f 9 12 6   0.91 0.83 0.11

f 10 11 12 0.91 0.83 0.11
f 9 8 10   0.91 0.83 0.11
f 8 7 11   0.91 0.83 0.11

f 6 12 7   0.91 0.83 0.11
f 1 7 9    0.91 0.83 0.11
f 6 3 9    0.91 0.83 0.11


f 11 5 2   0.91 0.83 0.11
f 2 8 11   0.91 0.83 0.11
f 4 2 8    0.91 0.83 0.11
f 8 10 4   0.91 0.83 0.11
f 5 11 10  0.91 0.83 0.11
f 10 4 5   0.91 0.83 0.11


materialAmbient 0.54725 0.4995 0.3745 

materialDiffuse 0.75164 0.60648 0.22648 

materialSpecular 0.628281 0.555802 0.366065 

materialShininess 51.2
