#v1-v8
v -7.2263 -2.5485 5.3975
v 7.2263 -2.5485 5.3975
v 7.2263 -2.4327 5.3975
v -7.2263 -2.4327 5.3975
v 7.2263 -2.5485 -5.3975
v 7.2263 -2.4327 -5.3975
v -7.2263 -2.4327 -5.3975
v -7.2263 -2.5485 -5.3975
#v9-v16
v -7.2263 0.1683 5.3975
v -3.7723 0.3183 5.3975
v -3.7723 0.6823 5.3975
v -7.2263 0.5323 5.3975
v -3.7723 0.3183 -2.9083
v -3.7723 0.6823 -2.9083
v -7.2263 0.5323 -2.9083
v -7.2263 0.1683 -2.9083
#v17-v24
v -3.7723 -2.4327 5.3975
v 2.8321 -2.4327 5.3975
v 2.8321 0.6793 5.3975
v -3.7723 0.6793 5.3975
v 2.8321 -2.4327 -2.9083
v 2.8321 0.6793 -2.9083
v -3.7723 0.6793 -2.9083
v -3.7723 -2.4327 -2.9083
#v25-v32
v 2.8321 -2.4327 3.4925
v 7.2263 -2.4327 3.4925
v 7.2263 0.4113 3.4925
v 2.8321 0.6793 3.4925
v 7.2263 -2.4327 -5.3975
v 7.2263 0.4113 -5.3975
v 2.8321 0.6793 -5.3975
v 2.8321 -2.4327 -5.3975
#v33-v40
v 2.8321 0.6793 5.821
v 7.6498 0.3105 5.821
v 7.6498 0.5785 5.821
v 2.8321 0.9473 5.821
v 7.6498 0.3105 -5.821
v 7.6498 0.5785 -5.821
v 2.8321 0.9473 -5.821
v 2.8321 0.6793 -5.821
#v41-v48
v -4.1958 2.2085 5.821
v 2.8321 0.6793 5.821
v 2.8321 0.9473 5.821
v -4.1958 2.5485 5.821
v 2.8321 0.6793 -3.3318
v 2.8321 0.9473 -3.3318
v -4.1958 2.5485 -3.3318
v -4.1958 2.2085 -3.3318
#v49-v54
v -3.7723 0.6793 5.3975
v 2.8321 0.6793 5.3975
v -3.7723 2.0743 5.3975
v 2.8321 0.6793 -2.9083
v -3.7723 2.0743 -2.9083
v -3.7723 0.6793 -2.9083
#v55-v62
v 2.8321 -2.4327 3.4975
v 4.1321 -2.4327 3.4975
v 4.1321 -0.4327 3.4975
v 2.8321 -0.4327 3.4975
v 4.1321 -2.4327 3.4925
v 4.1321 -0.4327 3.4925
v 2.8321 -0.4327 3.4925
v 2.8321 -2.4327 3.4925
#v63-v70
v 0 -2.4327 -2.9083
v 1.3 -2.4327 -2.9083
v 1.3 -0.4327 -2.9083
v 0 -0.4327 -2.9083
v 1.3 -2.4327 -2.9133
v 1.3 -0.4327 -2.9133
v 0 -0.4327 -2.9133
v 0 -2.4327 -2.9133
# piso	v1-v8
f 3  2  1  1 1 0.8
f 1  4  3  1 1 0.8
f 8  1  2  1 1 0.8
f 2  5  8  1 1 0.8
f 2  3  6  1 1 0.8
f 6  5  2  1 1 0.8
f 6  4  7  1 1 0.8
f 4  6  3  1 1 0.8
f 7  1  8  1 1 0.8
f 1  7  4  1 1 0.8
f 7  8  5  1 1 0.8
f 5  6  7  1 1 0.8
			       
# teto varanda 	v9-v16
f 11 10 9 0 0.2 0.6
f 9 12 11 0 0.2 0.6
f 16 9 10 0 0.2 0.6
f 10 13 16 0 0.2 0.6
f 10 11 14 0 0.2 0.6
f 14 13 10 0 0.2 0.6
f 14 12 15 0 0.2 0.6
f 12 14 11 0 0.2 0.6
f 15 9 16 0 0.2 0.6
f 9 15 12 0 0.2 0.6
f 15 16 13 0 0.2 0.6
f 13 14 15 0 0.2 0.6

# corpo principal v17-v24
f 19 18 17 0.2 0.4 0.6
f 17 20 19 0.2 0.4 0.6
f 24 17 18 0.2 0.4 0.6
f 18 21 24 0.2 0.4 0.6
f 18 19 22 0.2 0.4 0.6
f 22 21 18 0.2 0.4 0.6
f 22 20 23 0.2 0.4 0.6
f 20 22 19 0.2 0.4 0.6
f 23 17 24 0.2 0.4 0.6
f 17 23 20 0.2 0.4 0.6
f 23 24 21 0.2 0.4 0.6
f 21 22 23 0.2 0.4 0.6

# corpo auxiliar v25-v32
f 27 26 25 0.2 0.4 0.6
f 25 28 27 0.2 0.4 0.6
f 32 25 26 0.2 0.4 0.6
f 26 29 32 0.2 0.4 0.6
f 26 27 30 0.2 0.4 0.6
f 30 29 26 0.2 0.4 0.6
f 30 28 31 0.2 0.4 0.6
f 28 30 27 0.2 0.4 0.6
f 31 25 32 0.2 0.4 0.6
f 25 31 28 0.2 0.4 0.6
f 31 32 29 0.2 0.4 0.6
f 29 30 31 0.2 0.4 0.6

# teto corpo auxiliar v33-v40
f 35 34 33 0 0.2 0.6
f 33 36 35 0 0.2 0.6
f 40 33 34 0 0.2 0.6
f 34 37 40 0 0.2 0.6
f 34 35 38 0 0.2 0.6
f 38 37 34 0 0.2 0.6
f 38 36 39 0 0.2 0.6
f 36 38 35 0 0.2 0.6
f 39 33 40 0 0.2 0.6
f 33 39 36 0 0.2 0.6
f 39 40 37 0 0.2 0.6
f 37 38 39 0 0.2 0.6

# teto corpo principal 	v41-v48
f 43 42 41 0 0.2 0.6
f 41 44 43 0 0.2 0.6
f 48 41 42 0 0.2 0.6
f 42 45 48 0 0.2 0.6
f 42 43 46 0 0.2 0.6
f 46 45 42 0 0.2 0.6
f 46 44 47 0 0.2 0.6
f 44 46 43 0 0.2 0.6
f 47 41 48 0 0.2 0.6
f 41 47 44 0 0.2 0.6
f 47 48 45 0 0.2 0.6
f 45 46 47 0 0.2 0.6

#corpo principal cima v49-v54
f 51 50 49 1 0.8 0.4
f 53 54 52 1 0.8 0.4
f 53 50 51 1 0.8 0.4
f 53 52 50 1 0.8 0.4
f 51 49 54 1 0.8 0.4
f 53 51 54 1 0.8 0.4
f 54 49 52 1 0.8 0.4
f 49 50 52 1 0.8 0.4

#porta1 v55-v62
f 57 56 55 1 1 0.6
f 55 58 57 1 1 0.6
f 62 55 56 1 1 0.6
f 56 59 62 1 1 0.6
f 56 57 60 1 1 0.6
f 60 59 56 1 1 0.6
f 60 61 58 1 1 0.6
f 58 57 60 1 1 0.6
f 61 62 55 1 1 0.6
f 55 58 61 1 1 0.6
f 61 62 59 1 1 0.6
f 59 60 61 1 1 0.6

#porta2 v63-v70
f 65 64 63 1 1 0.6
f 63 66 65 1 1 0.6
f 70 63 64 1 1 0.6
f 64 67 70 1 1 0.6
f 64 65 68 1 1 0.6
f 68 67 64 1 1 0.6
f 68 69 66 1 1 0.6
f 66 65 68 1 1 0.6
f 69 70 63 1 1 0.6
f 63 66 69 1 1 0.6
f 69 70 67 1 1 0.6
f 67 68 69 1 1 0.6

materialAmbient   0.275 0.275 0.275

materialDiffuse   0.64 0.64 0.64

materialSpecular  0.64 0.66 0.63 

materialShininess  3.323
