v 1.384377 2.473252 -14.602566
v 1.384377 -0.145732 -14.602566
v 1.384377 2.473252 -14.259976
v 1.384377 -0.145732 -14.259976
v 1.733379 2.473252 -14.602566
v 1.733379 -0.145732 -14.602566
v 1.733379 2.473252 -14.259976
v 1.733379 -0.145732 -14.259976
v 1.373748 2.462819 -10.923280
v 1.373748 -0.156166 -10.923280
v 1.373749 2.462819 -11.265869
v 1.373749 -0.156166 -11.265869
v 1.722751 2.462819 -10.923280
v 1.722751 -0.156165 -10.923280
v 1.722751 2.462819 -11.265869
v 1.722751 -0.156165 -11.265869
v -1.429595 2.479076 -14.607932
v -1.517625 -0.138341 -14.629294
v -1.435133 2.476467 -14.265397
v -1.523163 -0.140951 -14.286760
v -1.080835 2.467301 -14.602383
v -1.168865 -0.150116 -14.623746
v -1.086373 2.464692 -14.259849
v -1.174403 -0.152726 -14.281211
v -1.438798 2.460068 -10.922999
v -1.438798 -0.158916 -10.922999
v -1.438798 2.460068 -11.265588
v -1.438798 -0.158916 -11.265588
v -1.089796 2.460069 -10.922999
v -1.089796 -0.158916 -10.922999
v -1.089796 2.460069 -11.265588
v -1.089796 -0.158916 -11.265588
v 1.726617 2.692283 -14.596328
v -1.437647 2.692250 -14.597047
v -1.437647 2.692250 -11.268200
v 1.726617 2.692283 -11.267480
v 1.726616 2.471283 -14.596330
v -1.438366 2.471284 -14.596326
v -1.438365 2.471284 -11.267482
v 1.726616 2.471283 -11.267481
f 4 3 1
f 8 7 3
f 6 5 7
f 2 1 5
f 3 7 5
f 8 4 2
f 12 11 9
f 16 15 11
f 14 13 15
f 14 10 9
f 11 15 13
f 14 16 12
f 20 19 17
f 20 24 23
f 22 21 23
f 22 18 17
f 17 19 23
f 24 20 18
f 28 27 25
f 32 31 27
f 30 29 31
f 30 26 25
f 27 31 29
f 32 28 26
f 34 35 36
f 40 39 38
f 37 38 34
f 38 39 35
f 35 39 40
f 33 36 40
f 2 4 1
f 4 8 3
f 8 6 7
f 6 2 5
f 1 3 5
f 6 8 2
f 10 12 9
f 12 16 11
f 16 14 15
f 13 14 9
f 9 11 13
f 10 14 12
f 18 20 17
f 19 20 23
f 24 22 23
f 21 22 17
f 21 17 23
f 22 24 18
f 26 28 25
f 28 32 27
f 32 30 31
f 29 30 25
f 25 27 29
f 30 32 26
f 33 34 36
f 37 40 38
f 33 37 34
f 34 38 35
f 36 35 40
f 37 33 40

material_ambient   0.05 0.05 0.05 1

material_diffuse   0.5 0.5 0.5 1

material_specular  0.7 0.7 0.7 1

material_shininess  3

