v  0         3   0
v  0         0   1
v  0.173648  0   0.984808
v  0.34202   0   0.939693
v  0.5       0   0.866025
v  0.642788  0   0.766044
v  0.766044  0   0.642788
v  0.866025  0   0.5
v  0.939693  0   0.34202
v  0.984808  0   0.173648
v  1         0   0
v  0.984808  0  -0.173648
v  0.939693  0  -0.34202
v  0.866025  0  -0.5
v  0.766044  0  -0.642788
v  0.642788  0  -0.766044
v  0.5       0  -0.866025
v  0.34202   0  -0.939693
v  0.173648  0  -0.984808
v  0         0  -1
v -0.173648  0  -0.984808
v -0.34202   0  -0.939693
v -0.5       0  -0.866025
v -0.642788  0  -0.766044
v -0.766045  0  -0.642788
v -0.866025  0  -0.5
v -0.939693  0  -0.34202
v -0.984808  0  -0.173648
v -1         0   0
v -0.984808  0   0.173648
v -0.939693  0   0.34202
v -0.866025  0   0.5
v -0.766044  0   0.642788
v -0.642788  0   0.766044
v -0.5       0   0.866025
v -0.34202   0   0.939693
v -0.173648  0   0.984808
v  0         0   0
v -0.2 -0.4 0.2 
v 0.2 -0.4 0.2
v -0.2 -0.4 -0.2
v 0.2 -0.4 -0.2
v -0.2 0.2 0.2 
v 0.2 0.2 0.2
v -0.2 0.2 -0.2
v 0.2 0.2 -0.2

f 40 39 43 0.082 0.24 0
f 43 44 40 0.082 0.24 0
f 44 46 42 0.082 0.24 0
f 42 40 44 0.082 0.24 0
f 42 46 45 0.082 0.24 0
f 45 41 42 0.082 0.24 0
f 43 39 41 0.082 0.24 0
f 41 45 43 0.082 0.24 0
f 1 3 2 0.0 1.0 0.251 
f 1 4 3 0.0 1.0 0.251 
f 1 5 4 0.0 1.0 0.251 
f 1 6 5 0.0 1.0 0.251 
f 1 7 6 0.0 1.0 0.251 
f 1 8 7 0.0 1.0 0.251 
f 1 9 8 0.0 1.0 0.251 
f 1 10 9 0.0 1.0 0.251 
f 1 11 10 0.0 1.0 0.251 
f 1 12 11 0.0 1.0 0.251 
f 1 13 12 0.0 1.0 0.251 
f 1 14 13 0.0 1.0 0.251 
f 1 15 14 0.0 1.0 0.251 
f 1 16 15 0.0 1.0 0.251 
f 1 17 16 0.0 1.0 0.251 
f 1 18 17 0.0 1.0 0.251 
f 1 19 18 0.0 1.0 0.251 
f 1 20 19 0.0 1.0 0.251 
f 1 21 20 0.0 1.0 0.251 
f 1 22 21 0.0 1.0 0.251 
f 1 23 22 0.0 1.0 0.251 
f 1 24 23 0.0 1.0 0.251 
f 1 25 24 0.0 1.0 0.251 
f 1 26 25 0.0 1.0 0.251 
f 1 27 26 0.0 1.0 0.251 
f 1 28 27 0.0 1.0 0.251 
f 1 29 28 0.0 1.0 0.251 
f 1 30 29 0.0 1.0 0.251 
f 1 31 30 0.0 1.0 0.251 
f 1 32 31 0.0 1.0 0.251 
f 1 33 32 0.0 1.0 0.251 
f 1 34 33 0.0 1.0 0.251 
f 1 35 34 0.0 1.0 0.251 
f 1 36 35 0.0 1.0 0.251 
f 1 37 36 0.0 1.0 0.251 
f 1 2 37 0.0 1.0 0.251 


centroid 0 0.75 0
top       0   3   0
front 	  0  0.75 1
right     1  0.75 0  


materialAmbient   0.275 0.275 0.275

materialDiffuse   0.64 0.64 0.64

materialSpecular  0.64 0.66 0.63 

materialShininess  3.323

